Loss: 3.0804028511047363
Accuracy: 0.257999986410141
