Loss: 3.6382360458374023
Accuracy: 0.15039999783039093
