Loss: 3.131685256958008
Accuracy: 0.25699999928474426
