Loss: 3.158400297164917
Accuracy: 0.2590999901294708
