Loss: 2.8257369995117188
Accuracy: 0.313400000333786
