Loss: 5.493656635284424
Accuracy: 0.093299999833107
