Loss: 2.881155252456665
Accuracy: 0.3093999922275543
