Loss: 3.4638848304748535
Accuracy: 0.19599999487400055
