Loss: 3.0815703868865967
Accuracy: 0.329800009727478
