Loss: 2.957792282104492
Accuracy: 0.2930999994277954
