Loss: 3.78428316116333
Accuracy: 0.14139999449253082
