Loss: 3.809361696243286
Accuracy: 0.1581999957561493
