Loss: 3.1703596115112305
Accuracy: 0.241799995303154
