Loss: 4.772718906402588
Accuracy: 0.009999999776482582
