Loss: 3.1192069053649902
Accuracy: 0.2924000024795532
