Loss: 2.936755657196045
Accuracy: 0.2955000102519989
