Loss: 3.0201709270477295
Accuracy: 0.2892000079154968
