Loss: 3.128953218460083
Accuracy: 0.2538999915122986
