Loss: 3.1287097930908203
Accuracy: 0.24940000474452972
