Loss: 3.136181592941284
Accuracy: 0.27090001106262207
