Loss: 3.314256191253662
Accuracy: 0.2345999926328659
