Loss: 3.768712043762207
Accuracy: 0.13940000534057617
