Loss: 3.071523427963257
Accuracy: 0.2971999943256378
