Loss: 3.1352908611297607
Accuracy: 0.2815999984741211
