Loss: 3.0429258346557617
Accuracy: 0.2842000126838684
