Loss: 3.3024425506591797
Accuracy: 0.21389999985694885
