Loss: 3.4740405082702637
Accuracy: 0.2257000058889389
