Loss: 3.2927534580230713
Accuracy: 0.2222999930381775
