Loss: 3.675889730453491
Accuracy: 0.15610000491142273
