Loss: 4.056266784667969
Accuracy: 0.07800000160932541
