Loss: 3.2923696041107178
Accuracy: 0.22949999570846558
