Loss: 2.665315628051758
Accuracy: 0.34769999980926514
