Loss: 2.9532670974731445
Accuracy: 0.30480000376701355
