Loss: 3.181504964828491
Accuracy: 0.2567000091075897
