Loss: 2.9053773880004883
Accuracy: 0.3124000132083893
