Loss: 3.2504560947418213
Accuracy: 0.24879999458789825
