Loss: 3.2041163444519043
Accuracy: 0.2485000044107437
