Loss: 2.9187405109405518
Accuracy: 0.2987000048160553
