Loss: 2.8144583702087402
Accuracy: 0.33869999647140503
