Loss: 3.635948419570923
Accuracy: 0.179299995303154
