Loss: 3.6086859703063965
Accuracy: 0.1770000010728836
