Loss: 3.3918702602386475
Accuracy: 0.21529999375343323
