Loss: 2.8038783073425293
Accuracy: 0.32589998841285706
