Loss: 3.1114578247070312
Accuracy: 0.27160000801086426
