Loss: 3.103280782699585
Accuracy: 0.27309998869895935
