Loss: 3.2630138397216797
Accuracy: 0.23149999976158142
