Loss: 3.132530927658081
Accuracy: 0.2703000009059906
