Loss: 3.037986993789673
Accuracy: 0.27149999141693115
