Loss: 2.916226863861084
Accuracy: 0.2851000130176544
