Loss: 2.993975877761841
Accuracy: 0.2930000126361847
