Loss: 52.15119934082031
Accuracy: 0.009999999776482582
