Loss: 4.605798244476318
Accuracy: 0.009999999776482582
