Loss: 3.2918195724487305
Accuracy: 0.2345000058412552
