Loss: 3.285081624984741
Accuracy: 0.2493000030517578
