Loss: 3.007721424102783
Accuracy: 0.32899999618530273
