Loss: 2.970329999923706
Accuracy: 0.29750001430511475
