Loss: 3.220383882522583
Accuracy: 0.2897000014781952
