Loss: 2.890120506286621
Accuracy: 0.3012000024318695
