Loss: 2.9836323261260986
Accuracy: 0.29190000891685486
