Loss: 2.905994176864624
Accuracy: 0.31630000472068787
