Loss: 2.858532428741455
Accuracy: 0.3513000011444092
