Loss: 3.4520187377929688
Accuracy: 0.20160000026226044
