Loss: 3.6841726303100586
Accuracy: 0.1477999985218048
