Loss: 3.2862014770507812
Accuracy: 0.30169999599456787
