Loss: 3.268599271774292
Accuracy: 0.24740000069141388
