Loss: 3.374842643737793
Accuracy: 0.20730000734329224
