Loss: 4.359214782714844
Accuracy: 0.12809999287128448
