Loss: 2.953748941421509
Accuracy: 0.3028999865055084
