Loss: 2.7684595584869385
Accuracy: 0.3434000015258789
