Loss: 2.9967689514160156
Accuracy: 0.2766000032424927
