Loss: 3.3861570358276367
Accuracy: 0.23839999735355377
