Loss: 3.4245738983154297
Accuracy: 0.19660000503063202
