Loss: 3.5392260551452637
Accuracy: 0.17839999496936798
