Loss: 3.101499080657959
Accuracy: 0.27889999747276306
