Loss: 2.63639760017395
Accuracy: 0.3580000102519989
