Loss: 13.087289810180664
Accuracy: 0.015699999406933784
