Loss: 4.707311153411865
Accuracy: 0.009999999776482582
