Loss: 2.7270517349243164
Accuracy: 0.3337000012397766
