Loss: 3.2777278423309326
Accuracy: 0.227400004863739
