Loss: 3.267000675201416
Accuracy: 0.2312999963760376
