Loss: 4.887942790985107
Accuracy: 0.009999999776482582
