Loss: 3.262718915939331
Accuracy: 0.29910001158714294
