Loss: 2.8956973552703857
Accuracy: 0.33309999108314514
