Loss: 3.005692958831787
Accuracy: 0.299699991941452
