Loss: 6.242537021636963
Accuracy: 0.08309999853372574
