Loss: 3.278243064880371
Accuracy: 0.2745000123977661
