Loss: 2.78698992729187
Accuracy: 0.34380000829696655
