Loss: 4.810265064239502
Accuracy: 0.009999999776482582
