Loss: 6.506494998931885
Accuracy: 0.009999999776482582
