Loss: 14.74373722076416
Accuracy: 0.016899999231100082
