Loss: 3.921499490737915
Accuracy: 0.11289999634027481
