Loss: 2.8292396068573
Accuracy: 0.32269999384880066
