Loss: 4.687535285949707
Accuracy: 0.009999999776482582
