Loss: 3.0153191089630127
Accuracy: 0.28760001063346863
