Loss: 2.9402315616607666
Accuracy: 0.29589998722076416
