Loss: 2.7581729888916016
Accuracy: 0.3296000063419342
