Loss: 2.9151687622070312
Accuracy: 0.30090001225471497
