Loss: 2.742067575454712
Accuracy: 0.3395000100135803
