Loss: 2.7839386463165283
Accuracy: 0.33059999346733093
