Loss: 2.649972438812256
Accuracy: 0.3522999882698059
