Loss: 3.7109382152557373
Accuracy: 0.1582999974489212
