Loss: 3.1986191272735596
Accuracy: 0.24469999969005585
