Loss: 2.959918260574341
Accuracy: 0.30230000615119934
