Loss: 4.669722557067871
Accuracy: 0.009999999776482582
