Loss: 3.839982748031616
Accuracy: 0.13950000703334808
