Loss: 2.9800801277160645
Accuracy: 0.30379998683929443
