Loss: 3.385749578475952
Accuracy: 0.28529998660087585
