Loss: 3.3078553676605225
Accuracy: 0.24120000004768372
