Loss: 3.1216375827789307
Accuracy: 0.2858999967575073
