Loss: 3.1876308917999268
Accuracy: 0.2676999866962433
