Loss: 2.747339963912964
Accuracy: 0.3285999894142151
