Loss: 3.313689947128296
Accuracy: 0.226500004529953
