Loss: 3.739591121673584
Accuracy: 0.16619999706745148
