Loss: 3.6956796646118164
Accuracy: 0.21889999508857727
