Loss: 2.813615322113037
Accuracy: 0.32760000228881836
