Loss: 2.791456937789917
Accuracy: 0.33340001106262207
