Loss: 3.4402761459350586
Accuracy: 0.24070000648498535
