Loss: 2.778167486190796
Accuracy: 0.32910001277923584
