Loss: 3.010070562362671
Accuracy: 0.310699999332428
