Loss: 2.98979115486145
Accuracy: 0.3034999966621399
