Loss: 3.1924564838409424
Accuracy: 0.24490000307559967
