Loss: 2.6308300495147705
Accuracy: 0.3714999854564667
