Loss: 3.709822177886963
Accuracy: 0.15489999949932098
