Loss: 3.3380277156829834
Accuracy: 0.21310000121593475
