Loss: 3.7212719917297363
Accuracy: 0.1615000069141388
