Loss: 2.811800479888916
Accuracy: 0.32670000195503235
