Loss: 3.2325432300567627
Accuracy: 0.24169999361038208
