Loss: 3.2157092094421387
Accuracy: 0.23510000109672546
