Loss: 3.155388593673706
Accuracy: 0.2517000138759613
