Loss: 3.7121543884277344
Accuracy: 0.19470000267028809
