Loss: 2.789717674255371
Accuracy: 0.33480000495910645
