Loss: 3.601722240447998
Accuracy: 0.1738000065088272
