Loss: 2.8641257286071777
Accuracy: 0.30970001220703125
