Loss: 2.910022735595703
Accuracy: 0.31709998846054077
