Loss: 3.0122170448303223
Accuracy: 0.2955999970436096
