Loss: 3.6416969299316406
Accuracy: 0.21610000729560852
