Loss: 4.605266571044922
Accuracy: 0.009999999776482582
