Loss: 2.9968392848968506
Accuracy: 0.2994999885559082
