Loss: 3.7029309272766113
Accuracy: 0.16050000488758087
