Loss: 2.7856698036193848
Accuracy: 0.3353999853134155
