Loss: 2.9272348880767822
Accuracy: 0.31049999594688416
