Loss: 3.1794092655181885
Accuracy: 0.27720001339912415
