Loss: 3.147709846496582
Accuracy: 0.30250000953674316
