Loss: 3.1450748443603516
Accuracy: 0.2928999960422516
