Loss: 3.524104356765747
Accuracy: 0.18709999322891235
