Loss: 2.928767681121826
Accuracy: 0.2987000048160553
