Loss: 3.4859156608581543
Accuracy: 0.2506999969482422
