Loss: 3.443930149078369
Accuracy: 0.273499995470047
