Loss: 3.2879233360290527
Accuracy: 0.24719999730587006
