Loss: 3.0922060012817383
Accuracy: 0.3109999895095825
