Loss: 3.0301382541656494
Accuracy: 0.2743000090122223
