Loss: 3.0035078525543213
Accuracy: 0.27379998564720154
