Loss: 2.8197548389434814
Accuracy: 0.3352999985218048
