Loss: 3.156108856201172
Accuracy: 0.26820001006126404
