Loss: 4.613317966461182
Accuracy: 0.009999999776482582
