Loss: 2.715200901031494
Accuracy: 0.3587999939918518
