Loss: 2.6857969760894775
Accuracy: 0.3499999940395355
