Loss: 2.783973217010498
Accuracy: 0.3188000023365021
