Loss: 4.079524517059326
Accuracy: 0.17949999868869781
