Loss: 3.0550830364227295
Accuracy: 0.2621999979019165
