Loss: 3.10321044921875
Accuracy: 0.2856000065803528
