Loss: 2.776771306991577
Accuracy: 0.3294999897480011
