Loss: 3.180326223373413
Accuracy: 0.24719999730587006
