Loss: 3.116421699523926
Accuracy: 0.2768000066280365
