Loss: 2.9318737983703613
Accuracy: 0.3131999969482422
