Loss: 4.190429210662842
Accuracy: 0.13230000436306
