Loss: 3.289081335067749
Accuracy: 0.302700012922287
