Loss: 3.0563952922821045
Accuracy: 0.2667999863624573
