Loss: 3.819845199584961
Accuracy: 0.14139999449253082
