Loss: 4.605411052703857
Accuracy: 0.00989999994635582
