Loss: 2.9440207481384277
Accuracy: 0.3181000053882599
