Loss: 2.632168769836426
Accuracy: 0.35830000042915344
