Loss: 2.782411575317383
Accuracy: 0.3400000035762787
