Loss: 3.4637835025787354
Accuracy: 0.19840000569820404
