Loss: 2.6395392417907715
Accuracy: 0.36320000886917114
