Loss: 2.869994640350342
Accuracy: 0.3156999945640564
