Loss: 3.0167009830474854
Accuracy: 0.2896000146865845
