Loss: 2.9064157009124756
Accuracy: 0.3010999858379364
