Loss: 2.7340450286865234
Accuracy: 0.3357999920845032
