Loss: 2.6483490467071533
Accuracy: 0.36320000886917114
