Loss: 3.2479541301727295
Accuracy: 0.24140000343322754
