Loss: 3.4648327827453613
Accuracy: 0.19779999554157257
