Loss: 2.759626865386963
Accuracy: 0.3244999945163727
