Loss: 3.4937098026275635
Accuracy: 0.19900000095367432
