Loss: 3.3456952571868896
Accuracy: 0.24549999833106995
