Loss: 3.075348138809204
Accuracy: 0.2793000042438507
