Loss: 3.6494710445404053
Accuracy: 0.1607999950647354
