Loss: 3.2046260833740234
Accuracy: 0.2506999969482422
