Loss: 3.548713207244873
Accuracy: 0.17080000042915344
