Loss: 3.6057655811309814
Accuracy: 0.16699999570846558
