Loss: 3.1695265769958496
Accuracy: 0.29499998688697815
