Loss: 3.1713926792144775
Accuracy: 0.26570001244544983
