Loss: 3.8549726009368896
Accuracy: 0.1298000067472458
