Loss: 3.521409749984741
Accuracy: 0.15459999442100525
