Loss: 4.287902355194092
Accuracy: 0.12999999523162842
