Loss: 3.1099605560302734
Accuracy: 0.2556999921798706
