Loss: 2.930220127105713
Accuracy: 0.3427000045776367
