Loss: 2.7790534496307373
Accuracy: 0.32269999384880066
