Loss: 4.794791221618652
Accuracy: 0.09309999644756317
