Loss: 4.605007648468018
Accuracy: 0.00930000003427267
