Loss: 3.1000142097473145
Accuracy: 0.2529999911785126
