Loss: 2.9356558322906494
Accuracy: 0.2969000041484833
