Loss: 2.9963109493255615
Accuracy: 0.2946000099182129
