Loss: 4.604176044464111
Accuracy: 0.11980000138282776
