Loss: 3.2160253524780273
Accuracy: 0.2635999917984009
