Loss: 3.0735628604888916
Accuracy: 0.2603999972343445
