Loss: 2.5850651264190674
Accuracy: 0.36570000648498535
