Loss: 2.920454978942871
Accuracy: 0.29339998960494995
