Loss: 3.2849574089050293
Accuracy: 0.22830000519752502
