Loss: 3.640292167663574
Accuracy: 0.17229999601840973
