Loss: 2.945884943008423
Accuracy: 0.28999999165534973
