Loss: 2.751537799835205
Accuracy: 0.3522000014781952
