Loss: 3.696615695953369
Accuracy: 0.16869999468326569
