Loss: 3.3689606189727783
Accuracy: 0.20190000534057617
