Loss: 2.9186625480651855
Accuracy: 0.2948000133037567
