Loss: 2.8911969661712646
Accuracy: 0.2989000082015991
