Loss: 3.293287992477417
Accuracy: 0.22669999301433563
