Loss: 3.048678398132324
Accuracy: 0.2574000060558319
