Loss: 3.4025118350982666
Accuracy: 0.19869999587535858
