Loss: 3.823169231414795
Accuracy: 0.14869999885559082
