Loss: 3.5384292602539062
Accuracy: 0.18029999732971191
