Loss: 3.382838726043701
Accuracy: 0.21870000660419464
