Loss: 2.6618540287017822
Accuracy: 0.35019999742507935
