Loss: 3.273780107498169
Accuracy: 0.25040000677108765
