Loss: 3.0864827632904053
Accuracy: 0.30799999833106995
