Loss: 14.447588920593262
Accuracy: 0.015300000086426735
