Loss: 2.8757152557373047
Accuracy: 0.32179999351501465
