Loss: 3.7968015670776367
Accuracy: 0.23029999434947968
