Loss: 11.743890762329102
Accuracy: 0.015699999406933784
