Loss: 3.2161269187927246
Accuracy: 0.2460000067949295
