Loss: 3.7361714839935303
Accuracy: 0.14069999754428864
