Loss: 2.9610180854797363
Accuracy: 0.29339998960494995
