Loss: 2.739609956741333
Accuracy: 0.35910001397132874
