Loss: 2.886141300201416
Accuracy: 0.31779998540878296
