Loss: 3.1284523010253906
Accuracy: 0.2515000104904175
