Loss: 2.7530014514923096
Accuracy: 0.349700003862381
