Loss: 2.9042067527770996
Accuracy: 0.30480000376701355
