Loss: 3.034458637237549
Accuracy: 0.2515999972820282
