Loss: 3.065023899078369
Accuracy: 0.295199990272522
