Loss: 2.9000728130340576
Accuracy: 0.3158000111579895
