Loss: 2.8221089839935303
Accuracy: 0.325300008058548
