Loss: 3.63437819480896
Accuracy: 0.17329999804496765
