Loss: 3.2088119983673096
Accuracy: 0.24959999322891235
