Loss: 3.0388941764831543
Accuracy: 0.26989999413490295
