Loss: 3.0505919456481934
Accuracy: 0.2736000120639801
