Loss: 3.7723684310913086
Accuracy: 0.1582999974489212
