Loss: 11.849956512451172
Accuracy: 0.018699999898672104
