Loss: 3.009347915649414
Accuracy: 0.27570000290870667
