Loss: 2.9884912967681885
Accuracy: 0.30410000681877136
