Loss: 4.459344387054443
Accuracy: 0.15850000083446503
