Loss: 4.137843132019043
Accuracy: 0.07750000059604645
