Loss: 3.2726123332977295
Accuracy: 0.23499999940395355
