Loss: 3.065650224685669
Accuracy: 0.26989999413490295
