Loss: 3.486581325531006
Accuracy: 0.19619999825954437
