Loss: 3.0363235473632812
Accuracy: 0.27489998936653137
