Loss: 3.730527639389038
Accuracy: 0.19460000097751617
