Loss: 3.3111207485198975
Accuracy: 0.22579999268054962
