Loss: 2.9941000938415527
Accuracy: 0.31139999628067017
