Loss: 3.252992868423462
Accuracy: 0.22939999401569366
