Loss: 3.61856746673584
Accuracy: 0.188400000333786
