Loss: 3.633251190185547
Accuracy: 0.18080000579357147
