Loss: 3.4322214126586914
Accuracy: 0.2678999900817871
