Loss: 3.175694227218628
Accuracy: 0.2630000114440918
