Loss: 3.519975423812866
Accuracy: 0.1906999945640564
