Loss: 3.404616355895996
Accuracy: 0.2085999995470047
