Loss: 8.795991897583008
Accuracy: 0.03060000017285347
