Loss: 4.634095191955566
Accuracy: 0.12160000205039978
