Loss: 3.04801607131958
Accuracy: 0.3116999864578247
