Loss: 3.434635639190674
Accuracy: 0.19789999723434448
