Loss: 3.143719434738159
Accuracy: 0.27649998664855957
