Loss: 2.936279535293579
Accuracy: 0.30410000681877136
