Loss: 2.9932470321655273
Accuracy: 0.3084000051021576
