Loss: 3.370924949645996
Accuracy: 0.3050000071525574
