Loss: 2.719442844390869
Accuracy: 0.3416000008583069
