Loss: 3.030520439147949
Accuracy: 0.32600000500679016
