Loss: 4.190921306610107
Accuracy: 0.09690000116825104
