Loss: 3.8704278469085693
Accuracy: 0.13339999318122864
