Loss: 3.379877805709839
Accuracy: 0.2167000025510788
