Loss: 3.3511929512023926
Accuracy: 0.21140000224113464
