Loss: 2.9357259273529053
Accuracy: 0.28110000491142273
