Loss: 2.825759172439575
Accuracy: 0.3352000117301941
