Loss: 3.2759006023406982
Accuracy: 0.25060001015663147
