Loss: 3.252253532409668
Accuracy: 0.2280000001192093
