Loss: 4.60526180267334
Accuracy: 0.009999999776482582
