Loss: 3.788320302963257
Accuracy: 0.23019999265670776
