Loss: 3.224653720855713
Accuracy: 0.2425999939441681
