Loss: 3.211658000946045
Accuracy: 0.2921000123023987
