Loss: 3.0970561504364014
Accuracy: 0.2667999863624573
