Loss: 2.805082082748413
Accuracy: 0.32170000672340393
