Loss: 2.795457601547241
Accuracy: 0.32199999690055847
