Loss: 2.7638838291168213
Accuracy: 0.323199987411499
