Loss: 2.9446234703063965
Accuracy: 0.2969000041484833
