Loss: 5.452646255493164
Accuracy: 0.13689999282360077
