Loss: 3.098672866821289
Accuracy: 0.2919999957084656
