Loss: 3.1699814796447754
Accuracy: 0.26649999618530273
