Loss: 4.126030921936035
Accuracy: 0.13760000467300415
