Loss: 2.960602283477783
Accuracy: 0.30979999899864197
