Loss: 3.0753681659698486
Accuracy: 0.289900004863739
