Loss: 3.12770414352417
Accuracy: 0.2606000006198883
