Loss: 2.9351181983947754
Accuracy: 0.30799999833106995
