Loss: 3.3977038860321045
Accuracy: 0.2062000036239624
