Loss: 3.672166109085083
Accuracy: 0.14149999618530273
