Loss: 2.7931294441223145
Accuracy: 0.31769999861717224
