Loss: 3.851109266281128
Accuracy: 0.14470000565052032
