Loss: 3.111142158508301
Accuracy: 0.2669999897480011
