Loss: 2.715852737426758
Accuracy: 0.33480000495910645
