Loss: 4.836139678955078
Accuracy: 0.009999999776482582
