Loss: 3.3521389961242676
Accuracy: 0.20509999990463257
