Loss: 3.313570737838745
Accuracy: 0.2150000035762787
