Loss: 3.0700488090515137
Accuracy: 0.2833999991416931
