Loss: 2.8452231884002686
Accuracy: 0.3319000005722046
