Loss: 2.6650164127349854
Accuracy: 0.35199999809265137
