Loss: 2.7994771003723145
Accuracy: 0.3416000008583069
