Loss: 2.8735687732696533
Accuracy: 0.3264000117778778
