Loss: 2.6442997455596924
Accuracy: 0.3643999993801117
