Loss: 3.441255569458008
Accuracy: 0.2443999946117401
