Loss: 2.976673126220703
Accuracy: 0.311599999666214
