Loss: 8.324994087219238
Accuracy: 0.05909999832510948
