Loss: 3.055527925491333
Accuracy: 0.27079999446868896
