Loss: 3.033980369567871
Accuracy: 0.27140000462532043
