Loss: 3.2454030513763428
Accuracy: 0.2485000044107437
