Loss: 3.3901784420013428
Accuracy: 0.20090000331401825
