Loss: 3.311210870742798
Accuracy: 0.22110000252723694
