Loss: 4.605319023132324
Accuracy: 0.00989999994635582
