Loss: 3.677797317504883
Accuracy: 0.15610000491142273
