Loss: 2.9452743530273438
Accuracy: 0.3522000014781952
