Loss: 3.1490063667297363
Accuracy: 0.2515999972820282
