Loss: 2.6769964694976807
Accuracy: 0.34470000863075256
