Loss: 2.71535062789917
Accuracy: 0.3409000039100647
