Loss: 3.018203020095825
Accuracy: 0.287200003862381
