Loss: 2.8108396530151367
Accuracy: 0.3224000036716461
