Loss: 2.967552423477173
Accuracy: 0.295199990272522
