Loss: 4.977569103240967
Accuracy: 0.13689999282360077
