Loss: 4.605213165283203
Accuracy: 0.009999999776482582
