Loss: 3.0553433895111084
Accuracy: 0.2646999955177307
