Loss: 3.260786771774292
Accuracy: 0.23280000686645508
