Loss: 2.639695882797241
Accuracy: 0.36559998989105225
