Loss: 3.482804775238037
Accuracy: 0.2303999960422516
