Loss: 3.0990169048309326
Accuracy: 0.2939000129699707
