Loss: 3.6871585845947266
Accuracy: 0.17309999465942383
