Loss: 2.991466760635376
Accuracy: 0.275299996137619
