Loss: 3.303014039993286
Accuracy: 0.22310000658035278
