Loss: 3.1001458168029785
Accuracy: 0.2996000051498413
