Loss: 2.725451707839966
Accuracy: 0.336899995803833
