Loss: 2.841134786605835
Accuracy: 0.3190999925136566
