Loss: 3.4173777103424072
Accuracy: 0.28119999170303345
