Loss: 4.886782646179199
Accuracy: 0.009999999776482582
