Loss: 3.2744853496551514
Accuracy: 0.2815000116825104
