Loss: 2.923546075820923
Accuracy: 0.28459998965263367
