Loss: 2.9491825103759766
Accuracy: 0.3181999921798706
