Loss: 4.0457282066345215
Accuracy: 0.10050000250339508
