Loss: 2.8078224658966064
Accuracy: 0.3212999999523163
