Loss: 2.677837610244751
Accuracy: 0.34860000014305115
