Loss: 2.6768555641174316
Accuracy: 0.35519999265670776
