Loss: 2.665344715118408
Accuracy: 0.3594000041484833
