Loss: 3.232103109359741
Accuracy: 0.2353000044822693
