Loss: 2.9844577312469482
Accuracy: 0.29190000891685486
