Loss: 4.090097427368164
Accuracy: 0.0957999974489212
