Loss: 2.701390027999878
Accuracy: 0.35679998993873596
