Loss: 3.461557149887085
Accuracy: 0.19550000131130219
