Loss: 3.0690948963165283
Accuracy: 0.27959999442100525
