Loss: 3.559234380722046
Accuracy: 0.1826999932527542
