Loss: 3.455932855606079
Accuracy: 0.20319999754428864
