Loss: 3.029242753982544
Accuracy: 0.27300000190734863
