Loss: 2.702777624130249
Accuracy: 0.3684999942779541
