Loss: 3.6244187355041504
Accuracy: 0.16670000553131104
