Loss: 3.0549144744873047
Accuracy: 0.3043000102043152
