Loss: 2.941030502319336
Accuracy: 0.30550000071525574
