Loss: 3.416304349899292
Accuracy: 0.18930000066757202
