Loss: 3.152846574783325
Accuracy: 0.27320000529289246
