Loss: 3.1507368087768555
Accuracy: 0.2612999975681305
