Loss: 3.088946580886841
Accuracy: 0.2565000057220459
