Loss: 3.2496588230133057
Accuracy: 0.24310000240802765
