Loss: 2.884284257888794
Accuracy: 0.3075999915599823
