Loss: 2.7830889225006104
Accuracy: 0.3248000144958496
