Loss: 3.1843645572662354
Accuracy: 0.23960000276565552
