Loss: 2.94020938873291
Accuracy: 0.3021000027656555
