Loss: 3.3331706523895264
Accuracy: 0.2387000024318695
