Loss: 10.254133224487305
Accuracy: 0.011900000274181366
