Loss: 7.2708258628845215
Accuracy: 0.02070000022649765
