Loss: 3.959291458129883
Accuracy: 0.29179999232292175
