Loss: 3.059997081756592
Accuracy: 0.3154999911785126
