Loss: 2.686537981033325
Accuracy: 0.33469998836517334
