Loss: 3.1477973461151123
Accuracy: 0.28690001368522644
