Loss: 4.149281024932861
Accuracy: 0.05990000069141388
