Loss: 3.6938796043395996
Accuracy: 0.148499995470047
