Loss: 3.197070360183716
Accuracy: 0.23999999463558197
