Loss: 2.8621084690093994
Accuracy: 0.30869999527931213
