Loss: 2.672459840774536
Accuracy: 0.34940001368522644
