Loss: 4.7403998374938965
Accuracy: 0.131400004029274
