Loss: 2.666745662689209
Accuracy: 0.3578999936580658
