Loss: 35.17207336425781
Accuracy: 0.009999999776482582
