Loss: 3.1576907634735107
Accuracy: 0.24639999866485596
