Loss: 3.0641727447509766
Accuracy: 0.33250001072883606
