Loss: 3.6470625400543213
Accuracy: 0.21960000693798065
