Loss: 10.112615585327148
Accuracy: 0.027699999511241913
