Loss: 3.8296585083007812
Accuracy: 0.1348000019788742
