Loss: 2.8783087730407715
Accuracy: 0.3156000077724457
