Loss: 3.251096725463867
Accuracy: 0.24130000174045563
