Loss: 3.138348340988159
Accuracy: 0.29649999737739563
