Loss: 3.2290923595428467
Accuracy: 0.23919999599456787
