Loss: 4.612361907958984
Accuracy: 0.009999999776482582
