Loss: 2.878650426864624
Accuracy: 0.29829999804496765
