Loss: 2.7597455978393555
Accuracy: 0.34150001406669617
