Loss: 3.6305272579193115
Accuracy: 0.1673000007867813
