Loss: 4.279503345489502
Accuracy: 0.15489999949932098
