Loss: 2.9455268383026123
Accuracy: 0.2980000078678131
