Loss: 2.79960298538208
Accuracy: 0.3278000056743622
