Loss: 2.9860424995422363
Accuracy: 0.28769999742507935
