Loss: 3.514122724533081
Accuracy: 0.3190000057220459
