Loss: 4.3623833656311035
Accuracy: 0.041200000792741776
