Loss: 3.0115294456481934
Accuracy: 0.27570000290870667
