Loss: 4.730000972747803
Accuracy: 0.09260000288486481
