Loss: 3.611363172531128
Accuracy: 0.17739999294281006
