Loss: 3.10719633102417
Accuracy: 0.2727000117301941
