Loss: 4.453361988067627
Accuracy: 0.08699999749660492
