Loss: 3.392322540283203
Accuracy: 0.21119999885559082
