Loss: 2.841742992401123
Accuracy: 0.34439998865127563
