Loss: 3.0349063873291016
Accuracy: 0.28290000557899475
