Loss: 3.457486391067505
Accuracy: 0.25450000166893005
