Loss: 5.145971298217773
Accuracy: 0.04989999905228615
