Loss: 3.744030475616455
Accuracy: 0.15469999611377716
