Loss: 4.628112316131592
Accuracy: 0.009999999776482582
