Loss: 3.32720947265625
Accuracy: 0.241799995303154
