Loss: 6.109877586364746
Accuracy: 0.04910000041127205
