Loss: 3.169356346130371
Accuracy: 0.27250000834465027
