Loss: 3.7478585243225098
Accuracy: 0.14059999585151672
