Loss: 3.3737738132476807
Accuracy: 0.21490000188350677
