Loss: 4.271265506744385
Accuracy: 0.15399999916553497
