Loss: 3.3011796474456787
Accuracy: 0.27070000767707825
