Loss: 2.793722152709961
Accuracy: 0.33059999346733093
