Loss: 3.2262136936187744
Accuracy: 0.24040000140666962
