Loss: 3.7709991931915283
Accuracy: 0.13500000536441803
