Loss: 3.2762792110443115
Accuracy: 0.3003999888896942
