Loss: 3.5789387226104736
Accuracy: 0.1800999939441681
