Loss: 2.8087761402130127
Accuracy: 0.33160001039505005
