Loss: 3.1369245052337646
Accuracy: 0.26440000534057617
