Loss: 2.8694827556610107
Accuracy: 0.3199000060558319
