Loss: 3.933349609375
Accuracy: 0.14300000667572021
