Loss: 3.361121416091919
Accuracy: 0.22619999945163727
