Loss: 2.826380491256714
Accuracy: 0.29809999465942383
