Loss: 3.0446956157684326
Accuracy: 0.2930999994277954
