Loss: 3.18743896484375
Accuracy: 0.24420000612735748
