Loss: 3.2347984313964844
Accuracy: 0.2387000024318695
