Loss: 4.139423370361328
Accuracy: 0.24410000443458557
