Loss: 3.464568853378296
Accuracy: 0.21539999544620514
