Loss: 3.075802803039551
Accuracy: 0.27630001306533813
