Loss: 2.930070400238037
Accuracy: 0.28439998626708984
