Loss: 2.7780652046203613
Accuracy: 0.3319999873638153
