Loss: 3.1688272953033447
Accuracy: 0.28119999170303345
