Loss: 3.036953926086426
Accuracy: 0.26499998569488525
