Loss: 2.5921945571899414
Accuracy: 0.3711000084877014
