Loss: 2.7386739253997803
Accuracy: 0.34130001068115234
