Loss: 3.023982286453247
Accuracy: 0.32280001044273376
