Loss: 4.6064252853393555
Accuracy: 0.009999999776482582
