Loss: 2.7621257305145264
Accuracy: 0.3504999876022339
