Loss: 3.891380548477173
Accuracy: 0.1273999959230423
