Loss: 3.3869028091430664
Accuracy: 0.20810000598430634
