Loss: 8.161094665527344
Accuracy: 0.05719999969005585
