Loss: 3.222013473510742
Accuracy: 0.26100000739097595
