Loss: 3.071122169494629
Accuracy: 0.25760000944137573
