Loss: 4.180026531219482
Accuracy: 0.11720000207424164
