Loss: 4.564901351928711
Accuracy: 0.15150000154972076
