Loss: 3.0391933917999268
Accuracy: 0.2655999958515167
