Loss: 3.178060293197632
Accuracy: 0.2526000142097473
