Loss: 3.42208194732666
Accuracy: 0.2029999941587448
