Loss: 3.0722358226776123
Accuracy: 0.26669999957084656
