Loss: 3.9779417514801025
Accuracy: 0.10580000281333923
