Loss: 2.99122953414917
Accuracy: 0.2849000096321106
