Loss: 2.9024288654327393
Accuracy: 0.3059999942779541
