Loss: 3.4570770263671875
Accuracy: 0.1956000030040741
