Loss: 3.231058359146118
Accuracy: 0.2565999925136566
