Loss: 3.5947253704071045
Accuracy: 0.186599999666214
