Loss: 2.848273754119873
Accuracy: 0.3156000077724457
