Loss: 2.7852349281311035
Accuracy: 0.3422999978065491
