Loss: 3.6687936782836914
Accuracy: 0.16249999403953552
