Loss: 3.312486410140991
Accuracy: 0.26489999890327454
