Loss: 2.959862232208252
Accuracy: 0.3059999942779541
