Loss: 2.6383190155029297
Accuracy: 0.36059999465942383
