Loss: 3.2194933891296387
Accuracy: 0.23190000653266907
