Loss: 4.179647922515869
Accuracy: 0.06849999725818634
