Loss: 2.9266295433044434
Accuracy: 0.29190000891685486
