Loss: 2.994396209716797
Accuracy: 0.30149999260902405
