Loss: 3.797524929046631
Accuracy: 0.13770000636577606
