Loss: 3.152777671813965
Accuracy: 0.26750001311302185
