Loss: 4.355863094329834
Accuracy: 0.04560000076889992
