Loss: 4.325726509094238
Accuracy: 0.17399999499320984
