Loss: 3.357724189758301
Accuracy: 0.2053000032901764
