Loss: 4.6093926429748535
Accuracy: 0.009999999776482582
