Loss: 2.7228751182556152
Accuracy: 0.3310999870300293
