Loss: 3.298457145690918
Accuracy: 0.2808000147342682
