Loss: 3.324197292327881
Accuracy: 0.21369999647140503
