Loss: 2.8120954036712646
Accuracy: 0.3319000005722046
