Loss: 3.3389110565185547
Accuracy: 0.21199999749660492
