Loss: 4.2883620262146
Accuracy: 0.09510000050067902
