Loss: 9.485515594482422
Accuracy: 0.016899999231100082
