Loss: 3.358660936355591
Accuracy: 0.2816999852657318
