Loss: 2.838593006134033
Accuracy: 0.33160001039505005
