Loss: 3.3292336463928223
Accuracy: 0.21559999883174896
