Loss: 2.6216273307800293
Accuracy: 0.3467999994754791
