Loss: 4.605366230010986
Accuracy: 0.009999999776482582
