Loss: 2.6691672801971436
Accuracy: 0.33869999647140503
