Loss: 3.1219301223754883
Accuracy: 0.28459998965263367
