Loss: 3.8590641021728516
Accuracy: 0.23639999330043793
