Loss: 4.611908912658691
Accuracy: 0.009999999776482582
