Loss: 4.10227632522583
Accuracy: 0.22040000557899475
