Loss: 2.8671562671661377
Accuracy: 0.2921999990940094
