Loss: 2.7740797996520996
Accuracy: 0.3260999917984009
