Loss: 4.673954963684082
Accuracy: 0.06700000166893005
