Loss: 3.3562421798706055
Accuracy: 0.24699999392032623
