Loss: 3.028291702270508
Accuracy: 0.2667999863624573
