Loss: 3.360603094100952
Accuracy: 0.22120000422000885
