Loss: 3.8826584815979004
Accuracy: 0.19689999520778656
