Loss: 3.49733829498291
Accuracy: 0.16609999537467957
