Loss: 2.455130100250244
Accuracy: 0.3781999945640564
