Loss: 2.5530104637145996
Accuracy: 0.35370001196861267
