Loss: 2.683711528778076
Accuracy: 0.34950000047683716
