Loss: 2.7642674446105957
Accuracy: 0.3411000072956085
