Loss: 2.955315351486206
Accuracy: 0.27709999680519104
