Loss: 2.6851396560668945
Accuracy: 0.36410000920295715
