Loss: 3.561858654022217
Accuracy: 0.16850000619888306
