Loss: 2.953295946121216
Accuracy: 0.27469998598098755
