Loss: 3.338838577270508
Accuracy: 0.21850000321865082
