Loss: 3.272946357727051
Accuracy: 0.21879999339580536
