Loss: 2.8422112464904785
Accuracy: 0.30320000648498535
