Loss: 2.3848555088043213
Accuracy: 0.3921999931335449
