Loss: 2.938363552093506
Accuracy: 0.2969000041484833
