Loss: 2.573967933654785
Accuracy: 0.35690000653266907
