Loss: 3.0986175537109375
Accuracy: 0.272599995136261
