Loss: 4.289668083190918
Accuracy: 0.193900004029274
