Loss: 2.6119234561920166
Accuracy: 0.35910001397132874
