Loss: 3.3423421382904053
Accuracy: 0.22050000727176666
