Loss: 3.15120267868042
Accuracy: 0.25619998574256897
