Loss: 3.4171323776245117
Accuracy: 0.21580000221729279
