Loss: 2.890929937362671
Accuracy: 0.31220000982284546
