Loss: 4.605246067047119
Accuracy: 0.009999999776482582
