Loss: 3.0182764530181885
Accuracy: 0.2782999873161316
