Loss: 2.929126501083374
Accuracy: 0.30880001187324524
