Loss: 8.197903633117676
Accuracy: 0.062300000339746475
