Loss: 4.031094551086426
Accuracy: 0.1145000010728836
