Loss: 3.1010849475860596
Accuracy: 0.2831999957561493
