Loss: 5.0477986335754395
Accuracy: 0.009999999776482582
