Loss: 2.912973165512085
Accuracy: 0.3142000138759613
