Loss: 2.5899715423583984
Accuracy: 0.3564000129699707
