Loss: 3.7679667472839355
Accuracy: 0.21130000054836273
