Loss: 4.605186939239502
Accuracy: 0.009999999776482582
