Loss: 3.420372247695923
Accuracy: 0.2199999988079071
