Loss: 4.221871376037598
Accuracy: 0.1525000035762787
