Loss: 2.610480785369873
Accuracy: 0.3366999924182892
