Loss: 2.596696376800537
Accuracy: 0.358599990606308
