Loss: 3.1003966331481934
Accuracy: 0.2540000081062317
