Loss: 2.8881232738494873
Accuracy: 0.29170000553131104
