Loss: 2.590811252593994
Accuracy: 0.3643999993801117
