Loss: 2.5702266693115234
Accuracy: 0.38600000739097595
