Loss: 2.8582751750946045
Accuracy: 0.3122999966144562
