Loss: 2.757115125656128
Accuracy: 0.32089999318122864
