Loss: 2.8417463302612305
Accuracy: 0.30979999899864197
