Loss: 2.766019821166992
Accuracy: 0.3183000087738037
