Loss: 3.0616936683654785
Accuracy: 0.319599986076355
