Loss: 2.7958498001098633
Accuracy: 0.3402000069618225
