Loss: 2.7529404163360596
Accuracy: 0.33320000767707825
