Loss: 2.829641103744507
Accuracy: 0.3149000108242035
