Loss: 2.6236696243286133
Accuracy: 0.34929999709129333
