Loss: 2.95169997215271
Accuracy: 0.2985000014305115
