Loss: 2.7666854858398438
Accuracy: 0.3375000059604645
