Loss: 3.5303854942321777
Accuracy: 0.1988999992609024
