Loss: 3.0161914825439453
Accuracy: 0.3158000111579895
