Loss: 3.0845160484313965
Accuracy: 0.24979999661445618
