Loss: 3.8945276737213135
Accuracy: 0.10999999940395355
