Loss: 3.173691511154175
Accuracy: 0.2572000026702881
