Loss: 4.192707061767578
Accuracy: 0.1234000027179718
