Loss: 2.7469704151153564
Accuracy: 0.32019999623298645
