Loss: 2.6486332416534424
Accuracy: 0.32850000262260437
