Loss: 2.6452536582946777
Accuracy: 0.3386000096797943
