Loss: 3.18538236618042
Accuracy: 0.3334999978542328
