Loss: 2.762712001800537
Accuracy: 0.31220000982284546
