Loss: 2.7952826023101807
Accuracy: 0.3285999894142151
