Loss: 2.781266450881958
Accuracy: 0.3264999985694885
