Loss: 2.6185243129730225
Accuracy: 0.3549000024795532
