Loss: 2.77093505859375
Accuracy: 0.3188999891281128
