Loss: 3.090317964553833
Accuracy: 0.2741999924182892
