Loss: 4.754675388336182
Accuracy: 0.07559999823570251
