Loss: 2.8835132122039795
Accuracy: 0.305400013923645
