Loss: 3.1002509593963623
Accuracy: 0.24289999902248383
