Loss: 3.2693448066711426
Accuracy: 0.23229999840259552
