Loss: 3.52423095703125
Accuracy: 0.2289000004529953
