Loss: 2.7192301750183105
Accuracy: 0.33799999952316284
