Loss: 2.8344743251800537
Accuracy: 0.323199987411499
