Loss: 4.0824480056762695
Accuracy: 0.09529999643564224
