Loss: 3.057382345199585
Accuracy: 0.29899999499320984
