Loss: 2.4639780521392822
Accuracy: 0.3772999942302704
