Loss: 3.0621211528778076
Accuracy: 0.2892000079154968
