Loss: 2.725902795791626
Accuracy: 0.32839998602867126
