Loss: 5.186253547668457
Accuracy: 0.13840000331401825
