Loss: 2.8359055519104004
Accuracy: 0.3197999894618988
