Loss: 3.0827345848083496
Accuracy: 0.2718000113964081
