Loss: 2.4383950233459473
Accuracy: 0.3946000039577484
