Loss: 3.0034830570220947
Accuracy: 0.26579999923706055
