Loss: 2.649423837661743
Accuracy: 0.36390000581741333
