Loss: 2.4933979511260986
Accuracy: 0.376800000667572
