Loss: 2.683614492416382
Accuracy: 0.33820000290870667
