Loss: 2.611562967300415
Accuracy: 0.3490999937057495
