Loss: 2.895658493041992
Accuracy: 0.2856999933719635
