Loss: 2.5262515544891357
Accuracy: 0.36059999465942383
