Loss: 3.674109697341919
Accuracy: 0.1834000051021576
