Loss: 2.445457935333252
Accuracy: 0.38920000195503235
