Loss: 2.8307580947875977
Accuracy: 0.31029999256134033
