Loss: 2.8512277603149414
Accuracy: 0.3310999870300293
