Loss: 4.353507995605469
Accuracy: 0.1987999975681305
