Loss: 3.188349723815918
Accuracy: 0.30480000376701355
