Loss: 3.027341604232788
Accuracy: 0.2702000141143799
