Loss: 2.936429023742676
Accuracy: 0.32899999618530273
