Loss: 3.127100706100464
Accuracy: 0.3424000144004822
