Loss: 2.621335983276367
Accuracy: 0.3528999984264374
