Loss: 2.951662540435791
Accuracy: 0.3181000053882599
