Loss: 3.4143807888031006
Accuracy: 0.21140000224113464
