Loss: 4.04251766204834
Accuracy: 0.10329999774694443
