Loss: 3.303464889526367
Accuracy: 0.2410999983549118
