Loss: 2.951749324798584
Accuracy: 0.29670000076293945
