Loss: 2.4972167015075684
Accuracy: 0.3763999938964844
