Loss: 15.686224937438965
Accuracy: 0.034699998795986176
