Loss: 2.767749309539795
Accuracy: 0.314300000667572
