Loss: 2.804427146911621
Accuracy: 0.31779998540878296
