Loss: 2.8910131454467773
Accuracy: 0.29510000348091125
