Loss: 3.913949728012085
Accuracy: 0.1469999998807907
