Loss: 3.08115816116333
Accuracy: 0.2985999882221222
