Loss: 3.3286757469177246
Accuracy: 0.2092999964952469
