Loss: 3.0622503757476807
Accuracy: 0.2833000123500824
