Loss: 2.406967878341675
Accuracy: 0.38679999113082886
