Loss: 2.463698387145996
Accuracy: 0.3790999948978424
