Loss: 3.0122621059417725
Accuracy: 0.2775999903678894
