Loss: 2.785562753677368
Accuracy: 0.3093999922275543
