Loss: 2.608952760696411
Accuracy: 0.3531999886035919
