Loss: 2.750114679336548
Accuracy: 0.32760000228881836
