Loss: 3.229590892791748
Accuracy: 0.2581000030040741
