Loss: 2.7440805435180664
Accuracy: 0.3224000036716461
