Loss: 2.708327054977417
Accuracy: 0.34869998693466187
