Loss: 3.564568281173706
Accuracy: 0.1868000030517578
