Loss: 3.4560086727142334
Accuracy: 0.18440000712871552
