Loss: 2.6927807331085205
Accuracy: 0.33980000019073486
