Loss: 2.870377779006958
Accuracy: 0.30489999055862427
