Loss: 3.477409839630127
Accuracy: 0.19449999928474426
