Loss: 3.6332523822784424
Accuracy: 0.17720000445842743
