Loss: 2.8527698516845703
Accuracy: 0.33000001311302185
