Loss: 3.7704129219055176
Accuracy: 0.15539999306201935
