Loss: 2.9399678707122803
Accuracy: 0.3285999894142151
