Loss: 3.2400081157684326
Accuracy: 0.258899986743927
