Loss: 2.6891491413116455
Accuracy: 0.33809998631477356
