Loss: 3.3900272846221924
Accuracy: 0.2606000006198883
