Loss: 2.6630709171295166
Accuracy: 0.3488999903202057
