Loss: 3.0714313983917236
Accuracy: 0.2791999876499176
