Loss: 3.0428342819213867
Accuracy: 0.27900001406669617
