Loss: 2.8596303462982178
Accuracy: 0.326200008392334
