Loss: 2.4117307662963867
Accuracy: 0.3856000006198883
