Loss: 4.9301533699035645
Accuracy: 0.0502999983727932
