Loss: 2.9399125576019287
Accuracy: 0.3418999910354614
