Loss: 3.188938617706299
Accuracy: 0.24130000174045563
