Loss: 4.557127952575684
Accuracy: 0.01769999973475933
