Loss: 2.8007140159606934
Accuracy: 0.32170000672340393
