Loss: 3.067185640335083
Accuracy: 0.257999986410141
