Loss: 2.6792893409729004
Accuracy: 0.33239999413490295
