Loss: 2.424168348312378
Accuracy: 0.388700008392334
