Loss: 3.4771173000335693
Accuracy: 0.2921000123023987
