Loss: 3.000234603881836
Accuracy: 0.2556999921798706
