Loss: 2.822786331176758
Accuracy: 0.30399999022483826
