Loss: 2.860701322555542
Accuracy: 0.335999995470047
