Loss: 3.4172534942626953
Accuracy: 0.193900004029274
