Loss: 3.1940643787384033
Accuracy: 0.2619999945163727
