Loss: 3.3192667961120605
Accuracy: 0.2280000001192093
