Loss: 2.630427360534668
Accuracy: 0.3513999879360199
