Loss: 3.271646499633789
Accuracy: 0.23250000178813934
