Loss: 4.641514778137207
Accuracy: 0.009999999776482582
