Loss: 3.107846975326538
Accuracy: 0.25619998574256897
