Loss: 2.6577084064483643
Accuracy: 0.33660000562667847
