Loss: 3.8155925273895264
Accuracy: 0.11720000207424164
