Loss: 2.635406017303467
Accuracy: 0.3314000070095062
