Loss: 2.860529899597168
Accuracy: 0.304500013589859
