Loss: 2.3512158393859863
Accuracy: 0.4025000035762787
