Loss: 3.8638393878936768
Accuracy: 0.13809999823570251
