Loss: 4.443385124206543
Accuracy: 0.03759999945759773
