Loss: 12.458365440368652
Accuracy: 0.053300000727176666
