Loss: 2.906186103820801
Accuracy: 0.31310001015663147
