Loss: 2.6339097023010254
Accuracy: 0.35409998893737793
