Loss: 3.5724539756774902
Accuracy: 0.21279999613761902
