Loss: 3.156475305557251
Accuracy: 0.26579999923706055
