Loss: 2.5710883140563965
Accuracy: 0.35519999265670776
