Loss: 3.45400071144104
Accuracy: 0.2079000025987625
