Loss: 3.4709722995758057
Accuracy: 0.20479999482631683
