Loss: 3.6495168209075928
Accuracy: 0.17239999771118164
