Loss: 4.605620861053467
Accuracy: 0.009999999776482582
