Loss: 2.6815993785858154
Accuracy: 0.3441999852657318
