Loss: 2.7918224334716797
Accuracy: 0.30570000410079956
