Loss: 2.4965462684631348
Accuracy: 0.3686000108718872
