Loss: 2.884251594543457
Accuracy: 0.28349998593330383
