Loss: 4.990472793579102
Accuracy: 0.059300001710653305
