Loss: 3.5154385566711426
Accuracy: 0.22840000689029694
