Loss: 2.8326609134674072
Accuracy: 0.32690000534057617
