Loss: 3.2125821113586426
Accuracy: 0.2513999938964844
