Loss: 2.7273991107940674
Accuracy: 0.3287000060081482
