Loss: 2.995548725128174
Accuracy: 0.27300000190734863
