Loss: 2.8826918601989746
Accuracy: 0.30250000953674316
