Loss: 12.376354217529297
Accuracy: 0.09120000153779984
