Loss: 4.02480411529541
Accuracy: 0.09700000286102295
