Loss: 2.711376905441284
Accuracy: 0.3253999948501587
