Loss: 3.019576072692871
Accuracy: 0.2919999957084656
