Loss: 3.4309756755828857
Accuracy: 0.2451999932527542
