Loss: 2.2051913738250732
Accuracy: 0.4255000054836273
