Loss: 3.831782341003418
Accuracy: 0.13570000231266022
