Loss: 3.13281512260437
Accuracy: 0.2694999873638153
