Loss: 3.1413872241973877
Accuracy: 0.2547000050544739
