Loss: 3.9295413494110107
Accuracy: 0.16009999811649323
