Loss: 4.9328694343566895
Accuracy: 0.10180000215768814
