Loss: 3.2787389755249023
Accuracy: 0.23029999434947968
