Loss: 3.170785427093506
Accuracy: 0.2493000030517578
