Loss: 2.8758342266082764
Accuracy: 0.3183000087738037
