Loss: 2.645716905593872
Accuracy: 0.3571000099182129
