Loss: 2.5920445919036865
Accuracy: 0.3711000084877014
