Loss: 2.6649186611175537
Accuracy: 0.33820000290870667
