Loss: 2.410464286804199
Accuracy: 0.38600000739097595
