Loss: 3.841567277908325
Accuracy: 0.2150000035762787
