Loss: 3.3010151386260986
Accuracy: 0.29330000281333923
