Loss: 4.943313121795654
Accuracy: 0.15770000219345093
