Loss: 3.029832124710083
Accuracy: 0.26350000500679016
