Loss: 3.325273036956787
Accuracy: 0.24959999322891235
