Loss: 4.716989994049072
Accuracy: 0.056299999356269836
