Loss: 2.6843948364257812
Accuracy: 0.3402999937534332
