Loss: 2.6326375007629395
Accuracy: 0.3465999960899353
