Loss: 2.5631866455078125
Accuracy: 0.3610999882221222
