Loss: 2.9447968006134033
Accuracy: 0.3172999918460846
