Loss: 3.3310346603393555
Accuracy: 0.23999999463558197
