Loss: 3.198770523071289
Accuracy: 0.2402999997138977
