Loss: 2.6281495094299316
Accuracy: 0.34209999442100525
