Loss: 3.237091064453125
Accuracy: 0.24500000476837158
