Loss: 2.5570807456970215
Accuracy: 0.36469998955726624
