Loss: 5.125481128692627
Accuracy: 0.009999999776482582
