Loss: 2.7446489334106445
Accuracy: 0.3345000147819519
