Loss: 2.891295909881592
Accuracy: 0.3086000084877014
