Loss: 3.9997429847717285
Accuracy: 0.11670000106096268
