Loss: 2.7013959884643555
Accuracy: 0.3626999855041504
