Loss: 2.7054009437561035
Accuracy: 0.32030001282691956
