Loss: 2.4689533710479736
Accuracy: 0.3783000111579895
