Loss: 2.4071991443634033
Accuracy: 0.3833000063896179
