Loss: 3.057107925415039
Accuracy: 0.2971999943256378
