Loss: 2.543389320373535
Accuracy: 0.36390000581741333
