Loss: 2.758741617202759
Accuracy: 0.31279999017715454
