Loss: 2.434359550476074
Accuracy: 0.3799999952316284
