Loss: 2.631722927093506
Accuracy: 0.3407000005245209
