Loss: 2.5038740634918213
Accuracy: 0.37630000710487366
