Loss: 2.974783420562744
Accuracy: 0.2890999913215637
