Loss: 3.3826563358306885
Accuracy: 0.22460000216960907
