Loss: 3.6413285732269287
Accuracy: 0.17759999632835388
