Loss: 3.6784868240356445
Accuracy: 0.22380000352859497
