Loss: 3.393300771713257
Accuracy: 0.2433999925851822
