Loss: 2.8130011558532715
Accuracy: 0.30410000681877136
