Loss: 3.352848768234253
Accuracy: 0.21879999339580536
