Loss: 3.3062522411346436
Accuracy: 0.23739999532699585
