Loss: 2.8644375801086426
Accuracy: 0.30709999799728394
