Loss: 3.6696550846099854
Accuracy: 0.17489999532699585
