Loss: 2.6957650184631348
Accuracy: 0.335999995470047
