Loss: 3.0154027938842773
Accuracy: 0.2637999951839447
