Loss: 3.017413854598999
Accuracy: 0.3034999966621399
