Loss: 2.350102663040161
Accuracy: 0.4043999910354614
