Loss: 4.605282783508301
Accuracy: 0.009999999776482582
