Loss: 3.2525577545166016
Accuracy: 0.2547999918460846
