Loss: 2.714892864227295
Accuracy: 0.3260999917984009
