Loss: 3.1727938652038574
Accuracy: 0.263700008392334
