Loss: 3.6457886695861816
Accuracy: 0.17679999768733978
