Loss: 2.8805646896362305
Accuracy: 0.3061999976634979
