Loss: 3.3244059085845947
Accuracy: 0.2062000036239624
