Loss: 3.1169872283935547
Accuracy: 0.2946999967098236
