Loss: 2.6314096450805664
Accuracy: 0.34529998898506165
