Loss: 2.7198710441589355
Accuracy: 0.35929998755455017
