Loss: 2.582592487335205
Accuracy: 0.35989999771118164
