Loss: 2.98746919631958
Accuracy: 0.30399999022483826
