Loss: 2.8234963417053223
Accuracy: 0.3075999915599823
