Loss: 3.3936495780944824
Accuracy: 0.20020000636577606
