Loss: 3.9148504734039307
Accuracy: 0.14350000023841858
