Loss: 3.2101869583129883
Accuracy: 0.23340000212192535
