Loss: 3.237039566040039
Accuracy: 0.2563999891281128
