Loss: 2.7570385932922363
Accuracy: 0.323199987411499
