Loss: 3.1213810443878174
Accuracy: 0.2565999925136566
