Loss: 2.6533567905426025
Accuracy: 0.3601999878883362
