Loss: 2.801243305206299
Accuracy: 0.326200008392334
