Loss: 2.718040704727173
Accuracy: 0.34790000319480896
