Loss: 2.80935001373291
Accuracy: 0.3330000042915344
