Loss: 3.501570224761963
Accuracy: 0.2547999918460846
