Loss: 2.4341328144073486
Accuracy: 0.3903999924659729
