Loss: 3.683502674102783
Accuracy: 0.14419999718666077
