Loss: 3.239561080932617
Accuracy: 0.2484000027179718
