Loss: 2.918088436126709
Accuracy: 0.29660001397132874
