Loss: 3.4043452739715576
Accuracy: 0.24369999766349792
