Loss: 4.006202697753906
Accuracy: 0.11429999768733978
