Loss: 3.195221185684204
Accuracy: 0.219200000166893
