Loss: 2.856780529022217
Accuracy: 0.311599999666214
