Loss: 3.0037481784820557
Accuracy: 0.3165999948978424
