Loss: 2.6549034118652344
Accuracy: 0.33640000224113464
