Loss: 3.0160813331604004
Accuracy: 0.3109999895095825
