Loss: 2.675043821334839
Accuracy: 0.3377000093460083
