Loss: 4.061151027679443
Accuracy: 0.08739999681711197
