Loss: 2.7319447994232178
Accuracy: 0.34310001134872437
