Loss: 2.92655086517334
Accuracy: 0.3239000141620636
