Loss: 3.497514009475708
Accuracy: 0.27790001034736633
