Loss: 2.718337297439575
Accuracy: 0.3418999910354614
