Loss: 3.1220171451568604
Accuracy: 0.2736999988555908
