Loss: 4.622462272644043
Accuracy: 0.009999999776482582
