Loss: 3.229172945022583
Accuracy: 0.2574000060558319
