Loss: 2.7654688358306885
Accuracy: 0.3034999966621399
