Loss: 2.562976121902466
Accuracy: 0.3531999886035919
