Loss: 3.196971893310547
Accuracy: 0.2282000035047531
