Loss: 2.7366247177124023
Accuracy: 0.3531999886035919
