Loss: 2.6441848278045654
Accuracy: 0.34360000491142273
