Loss: 2.3043131828308105
Accuracy: 0.4108999967575073
