Loss: 2.949650287628174
Accuracy: 0.32179999351501465
