Loss: 6.2223920822143555
Accuracy: 0.04410000145435333
