Loss: 2.4259631633758545
Accuracy: 0.38269999623298645
