Loss: 4.984735488891602
Accuracy: 0.18619999289512634
