Loss: 4.038220405578613
Accuracy: 0.1031000018119812
