Loss: 3.726402759552002
Accuracy: 0.13670000433921814
