Loss: 2.4024863243103027
Accuracy: 0.39259999990463257
