Loss: 2.6537344455718994
Accuracy: 0.3361000120639801
