Loss: 3.203700304031372
Accuracy: 0.23680000007152557
