Loss: 2.7467257976531982
Accuracy: 0.32989999651908875
