Loss: 2.6608457565307617
Accuracy: 0.34049999713897705
