Loss: 3.3003523349761963
Accuracy: 0.23690000176429749
