Loss: 3.6669669151306152
Accuracy: 0.2370000034570694
