Loss: 2.679248332977295
Accuracy: 0.33410000801086426
