Loss: 2.500483989715576
Accuracy: 0.3644999861717224
