Loss: 2.8841817378997803
Accuracy: 0.32280001044273376
