Loss: 3.0720958709716797
Accuracy: 0.2793999910354614
