Loss: 3.2814781665802
Accuracy: 0.25049999356269836
