Loss: 2.677042245864868
Accuracy: 0.35440000891685486
