Loss: 3.342036724090576
Accuracy: 0.2337000072002411
