Loss: 2.7277181148529053
Accuracy: 0.33070001006126404
