Loss: 3.1239893436431885
Accuracy: 0.26339998841285706
