Loss: 3.621596097946167
Accuracy: 0.21240000426769257
