Loss: 3.074665069580078
Accuracy: 0.2492000013589859
