Loss: 4.2584099769592285
Accuracy: 0.12720000743865967
