Loss: 2.7896933555603027
Accuracy: 0.3391999900341034
