Loss: 2.6904449462890625
Accuracy: 0.33469998836517334
