Loss: 4.509799480438232
Accuracy: 0.12200000137090683
