Loss: 3.621037483215332
Accuracy: 0.23680000007152557
