Loss: 2.5309667587280273
Accuracy: 0.36550000309944153
