Loss: 2.7860279083251953
Accuracy: 0.33340001106262207
