Loss: 2.426119327545166
Accuracy: 0.38359999656677246
