Loss: 2.9328434467315674
Accuracy: 0.32519999146461487
