Loss: 2.6589059829711914
Accuracy: 0.33970001339912415
