Loss: 3.4450278282165527
Accuracy: 0.2615000009536743
