Loss: 3.345449924468994
Accuracy: 0.22059999406337738
