Loss: 2.892388343811035
Accuracy: 0.34869998693466187
