Loss: 3.94936203956604
Accuracy: 0.27480000257492065
