Loss: 3.1578099727630615
Accuracy: 0.2590999901294708
