Loss: 3.1317803859710693
Accuracy: 0.2808000147342682
