Loss: 3.0470032691955566
Accuracy: 0.26339998841285706
