Loss: 3.1727828979492188
Accuracy: 0.26809999346733093
