Loss: 2.817111015319824
Accuracy: 0.31850001215934753
