Loss: 2.4680652618408203
Accuracy: 0.3686999976634979
