Loss: 2.872317314147949
Accuracy: 0.33649998903274536
