Loss: 3.266418695449829
Accuracy: 0.22859999537467957
