Loss: 2.830379009246826
Accuracy: 0.3343999981880188
