Loss: 3.587437391281128
Accuracy: 0.1860000044107437
