Loss: 3.274973154067993
Accuracy: 0.2295999974012375
