Loss: 3.32909893989563
Accuracy: 0.2190999984741211
