Loss: 4.658003807067871
Accuracy: 0.019500000402331352
