Loss: 3.6188879013061523
Accuracy: 0.19020000100135803
