Loss: 2.8342761993408203
Accuracy: 0.3262999951839447
