Loss: 3.5155773162841797
Accuracy: 0.17270000278949738
