Loss: 3.4033374786376953
Accuracy: 0.2150000035762787
