Loss: 6.079233646392822
Accuracy: 0.055399999022483826
