Loss: 2.5675129890441895
Accuracy: 0.37940001487731934
