Loss: 2.7414309978485107
Accuracy: 0.33970001339912415
