Loss: 3.165229558944702
Accuracy: 0.2533999979496002
