Loss: 3.173309087753296
Accuracy: 0.23970000445842743
