Loss: 3.7833211421966553
Accuracy: 0.1662999987602234
