Loss: 2.6450936794281006
Accuracy: 0.3441999852657318
