Loss: 2.989323377609253
Accuracy: 0.28049999475479126
