Loss: 2.72758150100708
Accuracy: 0.33469998836517334
