Loss: 3.095539093017578
Accuracy: 0.24539999663829803
