Loss: 2.522048234939575
Accuracy: 0.36329999566078186
