Loss: 2.7789998054504395
Accuracy: 0.33169999718666077
