Loss: 2.969028949737549
Accuracy: 0.3109999895095825
