Loss: 4.605169773101807
Accuracy: 0.009999999776482582
