Loss: 2.517063856124878
Accuracy: 0.3752000033855438
