Loss: 2.9991016387939453
Accuracy: 0.2782999873161316
