Loss: 2.9339709281921387
Accuracy: 0.31200000643730164
