Loss: 2.967815399169922
Accuracy: 0.31470000743865967
