Loss: 3.5625245571136475
Accuracy: 0.181099995970726
