Loss: 3.3157846927642822
Accuracy: 0.23440000414848328
