Loss: 3.6615912914276123
Accuracy: 0.18549999594688416
