Loss: 3.078408718109131
Accuracy: 0.27079999446868896
