Loss: 2.686466693878174
Accuracy: 0.3488999903202057
