Loss: 2.4558160305023193
Accuracy: 0.37770000100135803
