Loss: 2.8509230613708496
Accuracy: 0.3240000009536743
