Loss: 2.6698641777038574
Accuracy: 0.3334999978542328
