Loss: 2.9783706665039062
Accuracy: 0.2906999886035919
