Loss: 3.0078341960906982
Accuracy: 0.2973000109195709
