Loss: 2.5009965896606445
Accuracy: 0.3880000114440918
