Loss: 3.0864222049713135
Accuracy: 0.2718999981880188
