Loss: 3.1080522537231445
Accuracy: 0.2599000036716461
