Loss: 2.490851402282715
Accuracy: 0.376800000667572
