Loss: 2.607515573501587
Accuracy: 0.3562999963760376
