Loss: 5.272932052612305
Accuracy: 0.06069999933242798
