Loss: 2.7994203567504883
Accuracy: 0.3095000088214874
