Loss: 5.353232383728027
Accuracy: 0.009999999776482582
