Loss: 4.61904239654541
Accuracy: 0.009999999776482582
