Loss: 2.7479546070098877
Accuracy: 0.33550000190734863
