Loss: 2.7053823471069336
Accuracy: 0.3434999883174896
