Loss: 2.53405499458313
Accuracy: 0.3652999997138977
