Loss: 2.6010849475860596
Accuracy: 0.35100001096725464
