Loss: 8.927623748779297
Accuracy: 0.10589999705553055
