Loss: 2.804652452468872
Accuracy: 0.3089999854564667
