Loss: 3.2655563354492188
Accuracy: 0.23680000007152557
