Loss: 3.0566489696502686
Accuracy: 0.29820001125335693
