Loss: 2.9737606048583984
Accuracy: 0.3244999945163727
