Loss: 3.3588850498199463
Accuracy: 0.2029999941587448
