Loss: 3.2596800327301025
Accuracy: 0.2295999974012375
