Loss: 2.8106162548065186
Accuracy: 0.31299999356269836
