Loss: 3.3707430362701416
Accuracy: 0.19709999859333038
