Loss: 4.282627105712891
Accuracy: 0.04729999974370003
