Loss: 3.902912139892578
Accuracy: 0.14390000700950623
