Loss: 2.6135964393615723
Accuracy: 0.3756999969482422
