Loss: 3.2411067485809326
Accuracy: 0.22699999809265137
