Loss: 4.605276107788086
Accuracy: 0.009999999776482582
