Loss: 2.8075337409973145
Accuracy: 0.33469998836517334
