Loss: 2.863788366317749
Accuracy: 0.3093000054359436
