Loss: 3.2157649993896484
Accuracy: 0.25440001487731934
