Loss: 2.6819655895233154
Accuracy: 0.3361999988555908
