Loss: 4.014057636260986
Accuracy: 0.3183000087738037
