Loss: 4.607606410980225
Accuracy: 0.009999999776482582
