Loss: 2.9808802604675293
Accuracy: 0.2833999991416931
