Loss: 4.4976067543029785
Accuracy: 0.15790000557899475
