Loss: 3.501471519470215
Accuracy: 0.17820000648498535
