Loss: 2.4355156421661377
Accuracy: 0.3824000060558319
