Loss: 3.7118444442749023
Accuracy: 0.18569999933242798
