Loss: 2.8067567348480225
Accuracy: 0.3377000093460083
