Loss: 3.9384987354278564
Accuracy: 0.14319999516010284
