Loss: 2.505925416946411
Accuracy: 0.3734000027179718
