Loss: 2.76821231842041
Accuracy: 0.34709998965263367
