Loss: 2.640883684158325
Accuracy: 0.3580999970436096
