Loss: 2.7120625972747803
Accuracy: 0.35600000619888306
