Loss: 4.1668925285339355
Accuracy: 0.09560000151395798
