Loss: 3.553091049194336
Accuracy: 0.1923000067472458
