Loss: 3.144946813583374
Accuracy: 0.2558000087738037
