Loss: 2.4616596698760986
Accuracy: 0.3797999918460846
