Loss: 2.4273459911346436
Accuracy: 0.3970000147819519
