Loss: 2.7391858100891113
Accuracy: 0.34630000591278076
