Loss: 2.919290542602539
Accuracy: 0.30550000071525574
