Loss: 4.8021111488342285
Accuracy: 0.12970000505447388
