Loss: 2.5467777252197266
Accuracy: 0.36010000109672546
