Loss: 3.03328537940979
Accuracy: 0.33809998631477356
