Loss: 4.505431175231934
Accuracy: 0.061500001698732376
