Loss: 3.1898133754730225
Accuracy: 0.2533000111579895
