Loss: 3.576021432876587
Accuracy: 0.19259999692440033
