Loss: 3.5700323581695557
Accuracy: 0.23330000042915344
