Loss: 3.6993319988250732
Accuracy: 0.18140000104904175
