Loss: 2.795149087905884
Accuracy: 0.32899999618530273
