Loss: 2.8426897525787354
Accuracy: 0.29649999737739563
