Loss: 14.130387306213379
Accuracy: 0.028200000524520874
