Loss: 5.206582546234131
Accuracy: 0.009999999776482582
