Loss: 2.8963000774383545
Accuracy: 0.31299999356269836
