Loss: 3.100999116897583
Accuracy: 0.2565000057220459
