Loss: 2.609210729598999
Accuracy: 0.3587000072002411
