Loss: 3.7320010662078857
Accuracy: 0.15160000324249268
