Loss: 3.121735095977783
Accuracy: 0.2563000023365021
