Loss: 2.836030960083008
Accuracy: 0.3154999911785126
