Loss: 3.5566186904907227
Accuracy: 0.19670000672340393
