Loss: 3.3502144813537598
Accuracy: 0.2745000123977661
