Loss: 2.854945659637451
Accuracy: 0.30649998784065247
