Loss: 2.974020004272461
Accuracy: 0.31060001254081726
