Loss: 3.4362101554870605
Accuracy: 0.22190000116825104
