Loss: 3.9396636486053467
Accuracy: 0.15489999949932098
