Loss: 3.6697192192077637
Accuracy: 0.17839999496936798
