Loss: 4.945886135101318
Accuracy: 0.014299999922513962
