Loss: 3.2946059703826904
Accuracy: 0.2062000036239624
