Loss: 2.562440872192383
Accuracy: 0.3684000074863434
