Loss: 2.5760247707366943
Accuracy: 0.3582000136375427
