Loss: 2.985107898712158
Accuracy: 0.2946000099182129
