Loss: 4.717906475067139
Accuracy: 0.030899999663233757
