Loss: 2.9726741313934326
Accuracy: 0.29510000348091125
