Loss: 2.841330051422119
Accuracy: 0.29739999771118164
