Loss: 3.156189203262329
Accuracy: 0.2524999976158142
