Loss: 3.052295446395874
Accuracy: 0.2865999937057495
