Loss: 2.9125242233276367
Accuracy: 0.2973000109195709
