Loss: 5.873821258544922
Accuracy: 0.027799999341368675
