Loss: 2.4336724281311035
Accuracy: 0.3869999945163727
