Loss: 3.080101728439331
Accuracy: 0.2669999897480011
