Loss: 2.4316656589508057
Accuracy: 0.37599998712539673
