Loss: 3.1332623958587646
Accuracy: 0.24070000648498535
