Loss: 2.6510305404663086
Accuracy: 0.35679998993873596
