Loss: 3.8672516345977783
Accuracy: 0.2046000063419342
