Loss: 3.487476110458374
Accuracy: 0.2142000049352646
