Loss: 2.9861669540405273
Accuracy: 0.2824999988079071
