Loss: 3.3499503135681152
Accuracy: 0.24529999494552612
