Loss: 2.7332708835601807
Accuracy: 0.3495999872684479
