Loss: 3.8209028244018555
Accuracy: 0.16509999334812164
