Loss: 4.727396011352539
Accuracy: 0.1492999941110611
