Loss: 2.8367578983306885
Accuracy: 0.3319000005722046
