Loss: 3.8032164573669434
Accuracy: 0.15160000324249268
