Loss: 3.189703941345215
Accuracy: 0.2596000134944916
