Loss: 3.85308837890625
Accuracy: 0.15029999613761902
