Loss: 2.5247232913970947
Accuracy: 0.35850000381469727
