Loss: 2.8137357234954834
Accuracy: 0.33000001311302185
