Loss: 3.6045901775360107
Accuracy: 0.18520000576972961
