Loss: 2.928971290588379
Accuracy: 0.29159998893737793
