Loss: 3.427165985107422
Accuracy: 0.2159000039100647
