Loss: 2.942894220352173
Accuracy: 0.29190000891685486
