Loss: 2.5877933502197266
Accuracy: 0.3515999913215637
