Loss: 3.172067880630493
Accuracy: 0.262800008058548
