Loss: 3.8185336589813232
Accuracy: 0.19820000231266022
