Loss: 3.016300916671753
Accuracy: 0.27489998936653137
