Loss: 2.597728729248047
Accuracy: 0.3634999990463257
