Loss: 3.517533302307129
Accuracy: 0.20059999823570251
