Loss: 3.2174947261810303
Accuracy: 0.26159998774528503
