Loss: 2.6617448329925537
Accuracy: 0.3427000045776367
