Loss: 2.5891482830047607
Accuracy: 0.3612000048160553
