Loss: 5.376705646514893
Accuracy: 0.04399999976158142
