Loss: 4.075243949890137
Accuracy: 0.13689999282360077
