Loss: 2.818669319152832
Accuracy: 0.33739998936653137
