Loss: 2.5534558296203613
Accuracy: 0.3522000014781952
