Loss: 3.0238733291625977
Accuracy: 0.29170000553131104
