Loss: 3.452444076538086
Accuracy: 0.19850000739097595
