Loss: 2.729546546936035
Accuracy: 0.33070001006126404
