Loss: 3.2057790756225586
Accuracy: 0.26249998807907104
