Loss: 3.1527581214904785
Accuracy: 0.2517000138759613
