Loss: 2.769273519515991
Accuracy: 0.34940001368522644
