Loss: 2.63431453704834
Accuracy: 0.35409998893737793
