Loss: 2.404531717300415
Accuracy: 0.3849000036716461
