Loss: 2.460576057434082
Accuracy: 0.3822000026702881
