Loss: 3.200597047805786
Accuracy: 0.2624000012874603
