Loss: 3.8124945163726807
Accuracy: 0.14920000731945038
