Loss: 3.071955680847168
Accuracy: 0.32350000739097595
