Loss: 3.37467885017395
Accuracy: 0.23839999735355377
