Loss: 3.2900850772857666
Accuracy: 0.26899999380111694
