Loss: 3.2545535564422607
Accuracy: 0.29420000314712524
