Loss: 3.1100714206695557
Accuracy: 0.2842999994754791
