Loss: 2.4628350734710693
Accuracy: 0.3921999931335449
