Loss: 3.220041513442993
Accuracy: 0.32850000262260437
