Loss: 2.518817663192749
Accuracy: 0.3767000138759613
