Loss: 2.8297741413116455
Accuracy: 0.32899999618530273
