Loss: 2.685046434402466
Accuracy: 0.33340001106262207
