Loss: 2.8810088634490967
Accuracy: 0.30809998512268066
