Loss: 3.6961827278137207
Accuracy: 0.15209999680519104
