Loss: 2.7224013805389404
Accuracy: 0.32330000400543213
