Loss: 2.9906797409057617
Accuracy: 0.2782999873161316
