Loss: 3.032355546951294
Accuracy: 0.24580000340938568
