Loss: 3.244023323059082
Accuracy: 0.2387000024318695
