Loss: 2.5263161659240723
Accuracy: 0.36730000376701355
