Loss: 2.848787784576416
Accuracy: 0.2921999990940094
