Loss: 2.6173670291900635
Accuracy: 0.32829999923706055
