Loss: 2.826495409011841
Accuracy: 0.33149999380111694
