Loss: 2.5584959983825684
Accuracy: 0.37070000171661377
