Loss: 3.1190688610076904
Accuracy: 0.2865999937057495
