Loss: 2.5826609134674072
Accuracy: 0.35350000858306885
