Loss: 2.8181607723236084
Accuracy: 0.3183000087738037
