Loss: 2.543689727783203
Accuracy: 0.36550000309944153
