Loss: 2.9893956184387207
Accuracy: 0.30000001192092896
