Loss: 2.858405590057373
Accuracy: 0.289000004529953
