Loss: 2.5760397911071777
Accuracy: 0.3506999909877777
