Loss: 3.0289862155914307
Accuracy: 0.29260000586509705
