Loss: 2.8893001079559326
Accuracy: 0.3003000020980835
