Loss: 3.1597838401794434
Accuracy: 0.2513999938964844
