Loss: 2.6165013313293457
Accuracy: 0.3474000096321106
