Loss: 2.711127519607544
Accuracy: 0.3325999975204468
