Loss: 2.8692638874053955
Accuracy: 0.3019999861717224
