Loss: 3.2875120639801025
Accuracy: 0.2460000067949295
