Loss: 3.064242362976074
Accuracy: 0.3000999987125397
