Loss: 3.3245608806610107
Accuracy: 0.2329999953508377
