Loss: 2.893404722213745
Accuracy: 0.29260000586509705
