Loss: 2.9746572971343994
Accuracy: 0.3052000105381012
