Loss: 3.5508854389190674
Accuracy: 0.21889999508857727
