Loss: 2.963848114013672
Accuracy: 0.289900004863739
