Loss: 3.5318820476531982
Accuracy: 0.1956000030040741
