Loss: 2.5875658988952637
Accuracy: 0.3540000021457672
