Loss: 3.41797137260437
Accuracy: 0.21359999477863312
