Loss: 2.509814739227295
Accuracy: 0.3774000108242035
