Loss: 2.644716739654541
Accuracy: 0.35190001130104065
