Loss: 2.748412609100342
Accuracy: 0.3230000138282776
