Loss: 2.919438123703003
Accuracy: 0.30410000681877136
