Loss: 3.5833044052124023
Accuracy: 0.2295999974012375
