Loss: 3.6103062629699707
Accuracy: 0.19539999961853027
