Loss: 2.60921573638916
Accuracy: 0.36899998784065247
