Loss: 3.208571672439575
Accuracy: 0.25679999589920044
