Loss: 3.166914701461792
Accuracy: 0.2955000102519989
