Loss: 7.2137885093688965
Accuracy: 0.11190000176429749
