Loss: 2.426788568496704
Accuracy: 0.3774999976158142
