Loss: 3.460655927658081
Accuracy: 0.20239999890327454
