Loss: 3.2583353519439697
Accuracy: 0.25609999895095825
