Loss: 2.866896390914917
Accuracy: 0.31119999289512634
