Loss: 2.660999298095703
Accuracy: 0.34860000014305115
