Loss: 2.899327278137207
Accuracy: 0.3203999996185303
