Loss: 2.875852584838867
Accuracy: 0.29089999198913574
