Loss: 2.5259363651275635
Accuracy: 0.38359999656677246
