Loss: 2.985884666442871
Accuracy: 0.29490000009536743
