Loss: 3.3229801654815674
Accuracy: 0.22370000183582306
