Loss: 2.7655022144317627
Accuracy: 0.3142000138759613
