Loss: 3.073101282119751
Accuracy: 0.27619999647140503
