Loss: 3.1407346725463867
Accuracy: 0.25850000977516174
